12345678
12345679
12345670
12345671
12345672
12345673
12345674
12345675
12345676
12345677
87654321
01234567
12348765
23456789
34567890
45678901
56789012
67890123
78901234
89012345
90123456
11111111
22222222
33333333
44444444
55555555
66666666
77777777
88888888
99999999
00000000
12121212
21212121
13131313
31313131
14141414
41414141
15151515
51515151
16161616
61616161
17171717
71717171
18181818
81818181
19191919
91919191
10101010
01010101
12341234
43214321
56785678
87658765
13579135
97531975
02468024
64208642
12344321
56788765
11223344
44332211
12312312
23123123
34234234
45345345
56456456
67567567
78678678
89789789
90890909
09090909
12131415
15141312
16171819
19181716
20212223
23222120
24252627
27262524
28293031
31302928
32333435
35343332
36373839
39383736
40414243
43424140
44454647
47464544
48495051
51504948
52535455
55545352
56575859
59585756
60616263
63626160
64656667
67666564
68697071
71706968
72737475
75747372
76777879
79787776
80818283
83828180
84858687
87868584
88899091
91908988
92939495
95949392
96979899
99989796
11122233
33221111
44556677
77665544
88990011
11009988
22334455
55443322
66778899
99887766
00112233
33221100
44557788
88775544
99001122
22110099
12348012
34801234
56012345
78123456
90234567
01345678
23456780
45678901
67890123
89012345
10203040
40302010
50607080
80706050
90010203
30201009
04050607
70605040
08091011
11100908
12111213
31211121
14151617
71615141
18192021
12091817
22232425
52423222
26272829
92827262
30313233
33323130
34353637
73635343
38394041
14093834
42434445
54434244
46474849
94847464
50515253
35251505
54555657
75655455
58596061
16095856
62636465
56463626
66676869
96866666
70717273
37271707
74757677
77767474
78798081
18097878
82838485
58483828
86878889
98878686
90919293
39291909
94959697
79695949
98990001
10009989
00010203
30201000
04050607
07060504
08091011
11100908
12131415
51413121
16171819
91817161
20212223
32221202
24252627
72625242
28293031
13092828
32333435
53433323
36373839
93837363
40414243
34241404
44454647
74645444
48495051
15094848
52535455
54535252
56575859
95857565
60616263
36261606
64656667
76665646
68697071
17096868
72737475
54737272
76777879
97877676
80818283
38281808
84858687
78685848
88899091
19098888
92939495
59493929
96979899
99979696
11211221
12211211
13121213
21321312
14131314
41331414
15141415
51441515
16151516
61551616
17161617
71661717
18171718
81771818
19181819
91881919
20192020
02992020
10201020
20102010
30103030
03303030
40204040
04404040
50305050
05505050
60406060
06606060
70507070
07707070
80608080
08808080
90709090
09909090
10801080
08108080
20902090
09209090
30010300
03003030
40020400
04004040
50030500
05005050
60040600
06006060
70050700
07007070
80060800
08008080
90070900
09009090
12102012
21012021
23202032
32023032
34303043
43034043
45404054
54045054
56505065
65056065
67606076
76067076
78707087
87078087
89808098
98089098
12110121
11211211
13311331
31133113
14411441
41144114
15511551
51155115
16611661
61166116
17711771
71177117
18811881
81188118
19911991
91199119
11011011
01110111
22022022
02220222
33033033
03330333
44044044
04440444
55055055
05550555
66066066
06660666
77077077
07770777
88088088
08880888
99099099
09990999
00100010
10001001
11100110
01101101
22200220
02202202
33300330
03303303
44400440
04404404
55500550
05505505
66600660
06606606
77700770
07707707
88800880
08808808
99900990
09909909
10101001
01010110
12321232
32123212
21232123
32213221
13231323
23132313
31323132
23312331
14241424
24142414
41424142
24412441
15251525
25152515
51525152
25512551
16261626
26162616
61626162
26612661
17271727
27172717
71727172
27712771
18281828
28182818
81828182
28812881
19291929
29192919
91929192
29912991
10201010
20102010
01020102
02010201
20302030
30203020
02030203
03020302
30403040
40304030
03040304
04030403
40504050
50405040
04050405
05040504
50605060
60506050
05060506
06050605
60706070
70607060
06070607
07060706
70807080
80708070
07080708
08070807
80908090
90809080
08090809
09080908
90010901
01090109
09010910
10091009
12210221
21012210
22312231
31223122
13221322
22132213
32213221
13321332
23312323
31323132
32234323
43234234
34243424
24342434
42434243
34524352
52345234
43534353
53435343
35453545
54355435
45564556
65456545
56465646
64566456
46574657
74657467
57675767
67576757
67786778
87678767
78687868
68786878
78897889
98789879
89798989
97899789
89908990
09899089
90019001
19001901
01920192
92019201
92103921
10392103
03940394
94039403
04950495
95049504
05960596
96059605
06970697
97069706
07980798
98079807
08990899
99089908
01000100
10010010
00110011
11001100
00220022
22002200
00330033
33003300
00440044
44004400
00550055
55005500
00660066
66006600
00770077
77007700
00880088
88008800
00990099
99009900
12003120
20031200
31200312
03120031
21004210
10042100
42100421
04210042
31005310
10053100
53100531
05310053
41006410
10064100
64100641
06410064
51007510
10075100
75100751
07510075
61008610
10086100
86100861
08610086
71009710
10097100
97100971
09710097
81001810
10018100
18100181
01810018
91002910
10029100
29100291
02910029
23004230
30042300
42300423
04230042
32005320
20053200
53200532
05320053
43006430
30064300
64300643
06430064
52007520
20075200
75200752
07520075
63008630
30086300
86300863
08630086
73009730
30097300
97300973
09730097
82001820
20018200
18200182
01820018
92003920
30029200
29200292
02920029
34007340
40073400
73400734
07340073
43008430
30084300
84300843
08430084
54009540
40095400
95400954
09540095
62001620
20016200
16200162
01620016
72003720
30027200
27200272
02720027
83005830
50038300
38300383
03830038
93007930
70039300
39300393
03930039
45009450
90045900
45900459
04590045
54001540
40015400
15400154
01540015
65003650
50036500
36500365
03650036
74005740
50047400
47400474
04740047
85007850
70058500
58500585
05850058
94001940
40019400
19400194
01940019
56005560
60055600
55600556
05560055
67007670
70067600
67600676
06760067
78009780
80097800
97800978
09780097
89001890
90018900
18900189
01890018
90002900
20009200
09200092
00920009
12002120
20021200
21200212
02120021
13003130
30031300
31300313
03130031
14004140
40041400
41400414
04140041
15005150
50051500
51500515
05150051
16006160
60061600
61600616
06160061
17007170
70071700
71700717
07170071
18008180
80081800
81800818
08180081
19009190
90091900
91900919
09190091
21003210
30032100
32100321
03210032
23005230
50052300
52300523
05230052
24006240
60062400
62400624
06240062
25007250
70072500
72500725
07250072
26008260
80082600
82600826
08260082
27009270
90092700
92700927
09270092
28001280
80012800
12800128
01280012
29003290
90032900
32900329
03290032
35008350
80083500
83500835
08350083
36009360
90093600
93600936
09360093
37001370
70013700
13700137
01370013
38003380
80033800
33800338
03380033
39005390
90053900
53900539
05390053
46008460
80084600
84600846
08460084
47009470
90094700
94700947
09470094
48001480
80014800
14800148
01480014
49003490
90034900
34900349
03490034
57008570
80085700
85700857
08570085
58009580
90095800
95800958
09580095
59001590
90015900
15900159
01590015
68002680
80026800
26800268
02680026
69004690
90046900
46900469
04690046
79006790
90067900
67900679
06790067
1950
1951
1952
1953
1954
1955
1956
1957
1958
1959
1960
1961
1962
1963
1964
1965
1966
1967
1968
1969
1970
1971
1972
1973
1974
1975
1976
1977
1978
1979
1980
1981
1982
1983
1984
1985
1986
1987
1988
1989
1990
1991
1992
1993
1994
1995
1996
1997
1998
1999
2000
2001
2002
2003
2004
2005
2006
2007
2008
2009
2010
2011
2012
2013
2014
2015
2016
2017
2018
2019
2020
2021
2022
2023
2024
2025
2026
2027
2028
2029
2030